# particle number concentration assuming water removed from particles (#/cc (air)), with time changing with rows (corresponding times given in the time output file) and size bin changing with columns with size bin numbers given in the second row of the header
# 
0.000000000000000000e+00,0.000000000000000000e+00,0.000000000000000000e+00,0.000000000000000000e+00,0.000000000000000000e+00,0.000000000000000000e+00,0.000000000000000000e+00,0.000000000000000000e+00,0.000000000000000000e+00,0.000000000000000000e+00,0.000000000000000000e+00,0.000000000000000000e+00,0.000000000000000000e+00,0.000000000000000000e+00,0.000000000000000000e+00,0.000000000000000000e+00,0.000000000000000000e+00,0.000000000000000000e+00,0.000000000000000000e+00,0.000000000000000000e+00
0.000000000000000000e+00,0.000000000000000000e+00,0.000000000000000000e+00,0.000000000000000000e+00,0.000000000000000000e+00,0.000000000000000000e+00,0.000000000000000000e+00,0.000000000000000000e+00,0.000000000000000000e+00,0.000000000000000000e+00,0.000000000000000000e+00,0.000000000000000000e+00,0.000000000000000000e+00,0.000000000000000000e+00,0.000000000000000000e+00,0.000000000000000000e+00,0.000000000000000000e+00,0.000000000000000000e+00,0.000000000000000000e+00,0.000000000000000000e+00
0.000000000000000000e+00,0.000000000000000000e+00,0.000000000000000000e+00,0.000000000000000000e+00,0.000000000000000000e+00,0.000000000000000000e+00,0.000000000000000000e+00,0.000000000000000000e+00,0.000000000000000000e+00,0.000000000000000000e+00,0.000000000000000000e+00,0.000000000000000000e+00,0.000000000000000000e+00,0.000000000000000000e+00,0.000000000000000000e+00,0.000000000000000000e+00,0.000000000000000000e+00,0.000000000000000000e+00,0.000000000000000000e+00,0.000000000000000000e+00
0.000000000000000000e+00,0.000000000000000000e+00,0.000000000000000000e+00,0.000000000000000000e+00,0.000000000000000000e+00,0.000000000000000000e+00,0.000000000000000000e+00,0.000000000000000000e+00,0.000000000000000000e+00,0.000000000000000000e+00,0.000000000000000000e+00,0.000000000000000000e+00,0.000000000000000000e+00,0.000000000000000000e+00,0.000000000000000000e+00,0.000000000000000000e+00,0.000000000000000000e+00,0.000000000000000000e+00,0.000000000000000000e+00,0.000000000000000000e+00
0.000000000000000000e+00,0.000000000000000000e+00,0.000000000000000000e+00,0.000000000000000000e+00,0.000000000000000000e+00,0.000000000000000000e+00,0.000000000000000000e+00,0.000000000000000000e+00,0.000000000000000000e+00,0.000000000000000000e+00,0.000000000000000000e+00,0.000000000000000000e+00,0.000000000000000000e+00,0.000000000000000000e+00,0.000000000000000000e+00,0.000000000000000000e+00,0.000000000000000000e+00,0.000000000000000000e+00,0.000000000000000000e+00,0.000000000000000000e+00
0.000000000000000000e+00,0.000000000000000000e+00,0.000000000000000000e+00,0.000000000000000000e+00,0.000000000000000000e+00,0.000000000000000000e+00,0.000000000000000000e+00,0.000000000000000000e+00,0.000000000000000000e+00,0.000000000000000000e+00,0.000000000000000000e+00,0.000000000000000000e+00,0.000000000000000000e+00,0.000000000000000000e+00,0.000000000000000000e+00,0.000000000000000000e+00,0.000000000000000000e+00,0.000000000000000000e+00,0.000000000000000000e+00,0.000000000000000000e+00
1.814331014028219258e+01,0.000000000000000000e+00,0.000000000000000000e+00,0.000000000000000000e+00,0.000000000000000000e+00,0.000000000000000000e+00,0.000000000000000000e+00,0.000000000000000000e+00,0.000000000000000000e+00,0.000000000000000000e+00,0.000000000000000000e+00,0.000000000000000000e+00,0.000000000000000000e+00,0.000000000000000000e+00,0.000000000000000000e+00,0.000000000000000000e+00,0.000000000000000000e+00,0.000000000000000000e+00,0.000000000000000000e+00,0.000000000000000000e+00
1.495443115060545551e+02,1.469053475212336364e-05,0.000000000000000000e+00,0.000000000000000000e+00,0.000000000000000000e+00,0.000000000000000000e+00,0.000000000000000000e+00,0.000000000000000000e+00,0.000000000000000000e+00,0.000000000000000000e+00,0.000000000000000000e+00,0.000000000000000000e+00,0.000000000000000000e+00,0.000000000000000000e+00,0.000000000000000000e+00,0.000000000000000000e+00,0.000000000000000000e+00,0.000000000000000000e+00,0.000000000000000000e+00,0.000000000000000000e+00
5.290342314851734500e+02,1.486908572496691647e+02,1.460679870402345521e-05,0.000000000000000000e+00,0.000000000000000000e+00,0.000000000000000000e+00,0.000000000000000000e+00,0.000000000000000000e+00,0.000000000000000000e+00,0.000000000000000000e+00,0.000000000000000000e+00,0.000000000000000000e+00,0.000000000000000000e+00,0.000000000000000000e+00,0.000000000000000000e+00,0.000000000000000000e+00,0.000000000000000000e+00,0.000000000000000000e+00,0.000000000000000000e+00,0.000000000000000000e+00
1.326427052630579055e+03,6.738394024874044135e+02,1.452216851692160762e-05,0.000000000000000000e+00,0.000000000000000000e+00,0.000000000000000000e+00,0.000000000000000000e+00,0.000000000000000000e+00,0.000000000000000000e+00,0.000000000000000000e+00,0.000000000000000000e+00,0.000000000000000000e+00,0.000000000000000000e+00,0.000000000000000000e+00,0.000000000000000000e+00,0.000000000000000000e+00,0.000000000000000000e+00,0.000000000000000000e+00,0.000000000000000000e+00,0.000000000000000000e+00
2.352474065049515957e+03,1.318667502788485308e+03,6.699714404922297035e+02,0.000000000000000000e+00,0.000000000000000000e+00,0.000000000000000000e+00,0.000000000000000000e+00,0.000000000000000000e+00,0.000000000000000000e+00,0.000000000000000000e+00,0.000000000000000000e+00,0.000000000000000000e+00,0.000000000000000000e+00,0.000000000000000000e+00,0.000000000000000000e+00,0.000000000000000000e+00,0.000000000000000000e+00,0.000000000000000000e+00,0.000000000000000000e+00,0.000000000000000000e+00
3.099999999999998181e+03,3.650016672271002335e+03,0.000000000000000000e+00,6.662819605443457931e+02,0.000000000000000000e+00,0.000000000000000000e+00,0.000000000000000000e+00,0.000000000000000000e+00,0.000000000000000000e+00,0.000000000000000000e+00,0.000000000000000000e+00,0.000000000000000000e+00,0.000000000000000000e+00,0.000000000000000000e+00,0.000000000000000000e+00,0.000000000000000000e+00,0.000000000000000000e+00,0.000000000000000000e+00,0.000000000000000000e+00,0.000000000000000000e+00
3.100000000000000000e+03,3.083855631950541920e+03,3.632420334721916333e+03,0.000000000000000000e+00,6.632807746489593228e+02,1.991744253459711705e-02,0.000000000000000000e+00,0.000000000000000000e+00,0.000000000000000000e+00,0.000000000000000000e+00,0.000000000000000000e+00,0.000000000000000000e+00,0.000000000000000000e+00,0.000000000000000000e+00,0.000000000000000000e+00,0.000000000000000000e+00,0.000000000000000000e+00,0.000000000000000000e+00,0.000000000000000000e+00,0.000000000000000000e+00
3.099999999999996362e+03,0.000000000000000000e+00,6.157955030521366098e+03,3.618533109569537373e+03,0.000000000000000000e+00,6.614326101455999378e+02,3.532572341352804846e-02,0.000000000000000000e+00,0.000000000000000000e+00,0.000000000000000000e+00,0.000000000000000000e+00,0.000000000000000000e+00,0.000000000000000000e+00,0.000000000000000000e+00,0.000000000000000000e+00,0.000000000000000000e+00,0.000000000000000000e+00,0.000000000000000000e+00,0.000000000000000000e+00,0.000000000000000000e+00
3.099999999999998181e+03,3.088174130346564652e+03,0.000000000000000000e+00,6.138473985474352958e+03,3.607786143336229543e+03,3.550246286652276040e-01,6.596001258264228682e+02,0.000000000000000000e+00,4.713117522383956925e-02,0.000000000000000000e+00,0.000000000000000000e+00,0.000000000000000000e+00,0.000000000000000000e+00,0.000000000000000000e+00,0.000000000000000000e+00,0.000000000000000000e+00,0.000000000000000000e+00,0.000000000000000000e+00,0.000000000000000000e+00,0.000000000000000000e+00
4.606708520374793807e+03,3.059770889520972105e+03,3.053696860488484617e+03,1.673188955389973476e+00,6.077046287847586427e+03,3.574142957441456929e+03,4.422130247417140225e+00,6.545300856946920476e+02,1.024889247075663867e+00,3.548794637121842344e-02,0.000000000000000000e+00,0.000000000000000000e+00,0.000000000000000000e+00,0.000000000000000000e+00,0.000000000000000000e+00,0.000000000000000000e+00,0.000000000000000000e+00,0.000000000000000000e+00,0.000000000000000000e+00,0.000000000000000000e+00
2.370413438226645667e+03,4.556776016462036750e+03,3.034961040830150068e+03,3.032122078111886822e+03,1.597968196919737238e+00,6.035084104850255244e+03,3.549981108483204025e+03,8.570521612945167789e+00,6.506705629367399979e+02,1.552935624936559567e+00,3.046726520868351384e-01,2.353724941231543841e-02,0.000000000000000000e+00,0.000000000000000000e+00,0.000000000000000000e+00,0.000000000000000000e+00,0.000000000000000000e+00,0.000000000000000000e+00,0.000000000000000000e+00,0.000000000000000000e+00
4.194085437484826798e+03,4.507223730846505532e+03,2.596222299089298247e+00,3.010756781838925690e+03,3.011878002254011335e+03,5.989311361146767922e+03,4.752155962936567946e+00,3.526155030732759769e+03,1.250253129351116144e+01,6.468570839871410953e+02,2.611759248161931612e+00,2.499335938816801828e-02,2.262251904394167734e-02,0.000000000000000000e+00,0.000000000000000000e+00,0.000000000000000000e+00,0.000000000000000000e+00,0.000000000000000000e+00,0.000000000000000000e+00,0.000000000000000000e+00
1.420235578994670504e+03,4.135639492545848952e+03,4.469065302225045343e+03,2.986461235957838653e+03,2.988963142185261404e+03,2.979890015784676827e+00,5.951295709449164860e+03,2.147883354551833879e+00,3.516443153972247728e+03,2.445198918427862633e+00,6.430759886293888030e+02,3.327905508232410714e+00,7.023170266682907115e-02,2.734569539940389228e-04,0.000000000000000000e+00,0.000000000000000000e+00,0.000000000000000000e+00,0.000000000000000000e+00,0.000000000000000000e+00,0.000000000000000000e+00
2.458280082249225870e+03,4.081167560259493257e+03,4.428123341606939903e+03,3.562340720334786770e+00,2.963106782198198289e+03,2.969587093668872058e+03,5.903216427729488714e+03,1.102430043351231959e+01,3.491455232748641265e+03,5.382189316543247948e+00,6.407638840938444673e+02,4.720225841935889122e+00,2.481873472952521587e-01,9.295626718616088746e-02,5.711361664348835361e-04,0.000000000000000000e+00,0.000000000000000000e+00,0.000000000000000000e+00,0.000000000000000000e+00,0.000000000000000000e+00
3.202098258181907113e+03,4.028312061724876912e+03,2.205751019062308416e+00,4.392979361146630254e+03,2.939586860065398469e+03,2.947283782185793370e+03,2.796470951795128723e+00,5.872307151806277943e+03,3.477017822188642185e+03,0.000000000000000000e+00,6.374297824135256860e+02,6.608331487618875677e+00,9.471396393047681883e-01,1.161418673169329618e-01,1.290668218099301880e-03,0.000000000000000000e+00,0.000000000000000000e+00,0.000000000000000000e+00,0.000000000000000000e+00,0.000000000000000000e+00
5.792288308399583912e+02,3.145395575333693159e+03,3.981425250105703071e+03,4.354985634490927623e+03,2.916380037639475631e+03,2.922517981017939746e+03,8.648659018053754366e+00,5.828579868586935845e+03,6.240771841605002201e+00,3.451975316335252955e+03,3.569700198983730921e+00,6.402844922394098148e+02,1.385304980900651906e+00,3.536864268597447181e-01,2.219781090168836124e-02,1.449985617073559340e-03,0.000000000000000000e+00,0.000000000000000000e+00,0.000000000000000000e+00,0.000000000000000000e+00
9.861411030001514746e+02,3.093090515828992920e+03,3.932753414210323626e+03,4.316471156850200714e+03,2.890961842195192730e+03,7.077598872186038115e+00,2.909487219684953288e+03,5.782399101929973767e+03,1.419720965579702820e+01,3.429182426906852015e+03,4.802349930344522733e+00,6.379070674550188187e+02,2.700709264923614850e+00,5.881306939618526908e-01,4.434211529700798210e-02,1.818979653057218194e-03,0.000000000000000000e+00,0.000000000000000000e+00,0.000000000000000000e+00,0.000000000000000000e+00
1.267751996368114760e+03,3.043849989487045605e+03,3.893283337965281135e+03,4.278397252134147493e+03,3.100830809632278307e+00,2.875791560858037428e+03,2.888024762279877450e+03,5.736782186500700845e+03,1.995435483573030666e+01,3.407118368907699733e+03,7.389135908703803324e+00,6.355274740860968450e+02,3.980511493230308950e+00,8.227912109370625338e-01,6.691302706924709409e-02,2.350283173443214971e-03,0.000000000000000000e+00,0.000000000000000000e+00,0.000000000000000000e+00,0.000000000000000000e+00
1.458889260898910379e+03,2.997020926703047280e+03,3.854703739137551111e+03,4.245971918816841935e+03,0.000000000000000000e+00,2.853351190014360327e+03,2.868229891314200358e+03,5.679901018497142104e+03,3.865012228508358305e+01,3.380906775423511590e+03,1.424260262805603361e+01,6.328580479928696150e+02,5.516692284019967474e+00,1.056396542233862812e+00,9.058741694202611383e-02,3.121891423614267698e-03,0.000000000000000000e+00,0.000000000000000000e+00,0.000000000000000000e+00,0.000000000000000000e+00
1.585210216164428857e+03,2.951666422736065670e+03,3.817390798822604665e+03,1.574744821606562928e+00,4.209336948176266560e+03,2.831156722841777537e+03,2.847036449141417961e+03,2.513355608634182392e+00,5.678418732563342019e+03,3.354980423451202569e+03,2.088922599468860497e+01,6.296402118656989160e+02,7.145355211018855179e+00,1.699791550464908374e+00,9.664726007132760921e-02,2.437406479517191873e-02,0.000000000000000000e+00,0.000000000000000000e+00,0.000000000000000000e+00,0.000000000000000000e+00
1.665356874734285384e+03,2.907979310431619069e+03,3.779493647379813865e+03,3.764892162729609471e+00,4.173963105271811401e+03,2.809202120844467572e+03,2.825598525362662713e+03,5.409680157479266782e+00,5.636656195706721519e+03,3.323836495730523438e+03,3.598301705046795718e+01,6.257145084893120384e+02,9.462325411600840397e+00,2.343755248689165516e+00,0.000000000000000000e+00,1.412322270578703631e-01,0.000000000000000000e+00,0.000000000000000000e+00,0.000000000000000000e+00,0.000000000000000000e+00
1.712795347485494176e+03,2.865754939229405409e+03,3.741256818392059813e+03,7.024961836137419979e+00,4.139036228482017577e+03,2.787480790357151363e+03,2.804374772669946196e+03,8.227082856217625917e+00,5.595292000753027423e+03,3.758772444662330070e+00,3.337785196162130887e+03,6.346890767590879250e+02,0.000000000000000000e+00,2.506633690658903291e+00,4.509233992239249367e-01,1.614544034291724439e-01,3.287938427576375688e-04,0.000000000000000000e+00,0.000000000000000000e+00,0.000000000000000000e+00
5.929925284192358959e+01,4.507651488098319533e+03,1.115628715270658322e+00,3.713258336299991697e+03,4.104542395868557833e+03,2.764509995915693253e+03,2.783124092752369052e+03,1.178137968755391007e+01,5.555215911395672265e+03,7.415929109598407898e+00,3.315926696596372039e+03,6.347459873620237225e+00,6.278014564683903700e+02,2.889886998595053491e+00,6.724649318019736421e-01,1.819174865741042535e-01,7.125204451445249889e-04,0.000000000000000000e+00,0.000000000000000000e+00,0.000000000000000000e+00
9.990667221747948190e+01,4.439152394687340347e+03,2.196519680458823842e+00,3.678079607267696701e+03,4.069380559591959809e+03,2.743643918230986401e+03,2.762093075253730149e+03,1.522434459129774886e+01,5.515503313001798233e+03,1.097433494668465315e+01,3.294246018506626115e+03,7.405454856797584640e+00,6.255860321837818674e+02,3.832335847460157208e+00,8.939243642781276034e-01,2.023114689729680893e-01,1.442095224308729152e-03,0.000000000000000000e+00,0.000000000000000000e+00,0.000000000000000000e+00
1.273069496725574652e+02,4.372827227642353137e+03,3.258861411789180540e+00,3.643479249845272989e+03,4.034660254540475307e+03,2.722990507658879778e+03,2.738070223100420662e+03,2.241805169997267555e+01,5.472972634888486937e+03,1.589868075437985695e+01,3.273252573947699148e+03,9.639141131628932158e+00,6.231397554764110964e+02,4.975861864406644131e+00,1.113784058954053524e+00,2.232741894463619314e-01,2.287247444443663794e-03,0.000000000000000000e+00,0.000000000000000000e+00,0.000000000000000000e+00
1.454016992414598235e+02,4.308489562623739403e+03,4.297021740372099607e+00,3.609431809935521869e+03,4.000369741651584263e+03,2.700040427679284676e+03,5.634198220270168811e+00,2.740459963537536169e+03,5.430459032239371481e+03,2.109521872679743737e+01,3.250805864823053980e+03,1.342591111763122491e+01,6.206921950990492860e+02,6.094020487498580607e+00,1.333025052834359236e+00,2.446748491798619030e-01,3.288723713018168286e-03,0.000000000000000000e+00,0.000000000000000000e+00,0.000000000000000000e+00
1.569599039401926746e+02,4.245887969579150194e+03,5.405463645320851107e+00,3.575917631705011900e+03,3.966496231243394050e+03,1.740771982467314904e+00,2.686291431928581460e+03,2.720615215717347837e+03,5.388392608168825973e+03,2.614545877824008713e+01,3.228553704854581611e+03,1.713005417818942178e+01,6.182337842191809614e+02,7.187478203012596545e+00,1.551081291942568940e+00,2.670479834976072220e-01,4.566492576153867791e-03,0.000000000000000000e+00,0.000000000000000000e+00,0.000000000000000000e+00
1.639427969661878990e+02,0.000000000000000000e+00,4.191468869762527902e+03,3.542912010081560766e+03,3.930337550081130757e+03,6.549898409316533332e+00,2.665836832366371709e+03,2.702199123781101662e+03,5.343231934563465074e+03,3.458364140037387813e+01,3.206495326189603020e+03,2.074448508496926280e+01,6.155321916345832278e+02,8.496897595438280604e+00,1.763921380956410268e+00,2.948196172880113153e-01,6.006387935506324501e-03,0.000000000000000000e+00,0.000000000000000000e+00,0.000000000000000000e+00
1.677368744373065681e+02,1.087523561577550483e-03,4.133207969660250455e+03,3.510399194436137350e+03,3.894692812721230894e+03,1.119469563935617096e+01,2.645586531791598645e+03,2.682608239211358978e+03,5.299950521036007558e+03,4.275161562477607191e+01,3.182654393690001598e+03,2.622574423603742488e+01,6.128506348305339770e+02,9.412143667286773763e+00,2.338390237132391469e+00,3.068333084611663542e-01,2.642472223773498219e-02,2.763888946831891580e-04,0.000000000000000000e+00,0.000000000000000000e+00
1.693231465919321579e+02,2.209633416325244588e-03,4.076412773519791699e+03,3.478362661872165063e+03,3.859546459035711450e+03,1.568328721788088309e+01,2.625537187726863067e+03,2.663196637700929386e+03,5.250831760329409008e+03,5.875345999950064169e+01,3.159051354947968775e+03,3.157263145923452186e+01,6.101591625486158819e+02,1.032521417575412315e+01,2.905581442433428307e+00,3.185819068373114127e-01,4.717926639491507729e-02,6.043427117428375270e-04,0.000000000000000000e+00,0.000000000000000000e+00
1.693927203135456807e+02,3.356503942819364945e-03,4.020995425080951463e+03,3.445064239127103065e+03,2.625502341791187355e+00,3.843820378006211740e+03,2.605684868180954254e+03,2.643574051381197023e+03,5.273742269504615251e+03,0.000000000000000000e+00,3.137315141052410127e+03,3.675854474788207682e+01,6.070778697061971343e+02,1.160361980140528715e+01,3.275793589110756354e+00,5.286015168189094338e-01,6.946222742869266609e-02,7.020006674103023044e-04,3.300564070308308192e-04,0.000000000000000000e+00
1.684323075131939902e+02,4.508118775267800672e-03,3.965898302263073674e+03,3.413256444830008604e+03,5.168444865378383213e+00,3.812762287020082567e+03,2.586027944870966621e+03,2.624135192230820849e+03,4.854762506247196185e+00,5.233326055089780311e+03,3.113533019161683569e+03,4.307856844387253403e+01,6.049787497160382372e+02,1.285072220512961039e+01,3.642493706864946112e+00,7.387637202988407426e-01,8.902862811132986054e-02,1.921486450073996329e-03,3.800851842757413173e-04,0.000000000000000000e+00
1.667843360679965770e+02,5.650416465731999960e-03,3.922647648185206890e+03,3.381748632794326568e+03,7.410538178595658110e+00,3.782048300266818387e+03,2.566562817736929901e+03,2.604877026258066962e+03,6.423830811043479194e+00,5.196477712323917331e+03,3.085901424863051489e+03,5.331766339124305176e+01,6.023786671061725428e+02,1.453704782616699021e+01,4.031377954231525784e+00,9.427082947936107349e-01,1.130098012249989292e-01,3.335584090884172528e-03,4.769638705692313485e-04,0.000000000000000000e+00
1.524408533994574100e+00,1.631704972938490812e+02,3.880296122227384785e+03,3.350690122096502819e+03,9.588625706103835356e+00,3.751671975865000604e+03,2.546126747912593146e+03,2.585646313622182333e+03,9.262096367464327074e+00,5.159947616158655364e+03,3.121964689349416858e+03,0.000000000000000000e+00,5.988323352907357275e+02,1.709218812149585176e+01,4.403752496320129772e+00,1.141958221159035780e+00,1.401562600618551924e-01,4.951667800576200693e-03,5.961630475635932864e-04,0.000000000000000000e+00
2.560080003112384261e+00,1.597415046447844418e+02,3.838800611800812476e+03,3.320068423609689489e+03,1.107928502216490152e+01,3.720752045323948551e+03,2.527409072670830483e+03,2.566597745551693606e+03,1.202243541671879434e+01,5.123732266824225917e+03,6.084083901601000655e+00,3.098702478284681547e+03,6.144792606616616695e+02,0.000000000000000000e+00,5.208924064716905278e+00,1.334467945645633424e+00,1.635912288455486641e-01,5.750983117037734849e-03,7.215084581946195523e-04,0.000000000000000000e+00
2.468877199323167293e+00,1.564822762778653384e+02,3.798122107729907839e+03,3.289764488658938262e+03,1.264332838162235362e+01,3.690180883155416723e+03,2.508866611683637075e+03,2.547729006659919378e+03,1.470719230937934974e+01,5.087827078407014596e+03,9.014054842063064399e+00,3.078673668929249288e+03,1.854698702159451429e+00,6.109634138162062982e+02,6.190306077081942249e+00,1.524532056556939352e+00,1.876838189183634154e-01,6.745571734628051652e-03,8.684282081780595082e-04,0.000000000000000000e+00
3.730367002551428612e+00,1.533754841562783326e+02,3.758224944257868628e+03,7.595384107472483715e-01,3.273272525417169618e+03,3.659952089977443848e+03,2.490496620794154751e+03,2.529037353744833126e+03,1.731836382450488543e+01,5.049728261270101939e+03,1.293550968482045782e+01,3.059256281337903602e+03,3.728698143855540881e+00,6.083849454612778800e+02,7.150042680817653817e+00,1.713133390436914372e+00,2.125383741744836241e-01,7.876056528020468697e-03,1.034143251152882951e-03,0.000000000000000000e+00
3.606905372382996244e+00,1.504065076463725461e+02,3.719076514926672644e+03,1.496186027951975861e+00,3.244519104780159523e+03,3.630059402553488781e+03,2.471540164378521240e+03,2.509319418455635514e+03,2.181361778445022637e+01,5.011649287320620715e+03,1.711154642319764108e+01,3.038624582450177058e+03,6.908146806542935003e+00,6.058076751431016191e+02,8.089421129619498885e+00,1.898858860301242402e+00,2.394482902689511750e-01,9.133244588579161535e-03,1.226189268367930017e-03,0.000000000000000000e+00
3.494450254714856374e+00,1.475629310627626865e+02,3.680647024263791991e+03,2.213417747268656921e+00,3.216138386609562076e+03,3.600496997706321054e+03,2.451154038998556643e+03,2.491441483299428910e+03,2.615260527949343938e+01,4.973955272967280507e+03,2.117806936907883752e+01,3.018162790980580667e+03,1.001565108695308837e+01,6.032318118526815169e+02,9.009080597294005344e+00,2.083088044509437520e+00,2.670370903977166699e-01,1.070566860644498949e-02,1.439319881224796578e-03,0.000000000000000000e+00
3.391201101164438736e+00,1.448341179343193232e+02,3.642909155828783241e+03,2.911659630504399132e+00,3.188121053972392019e+03,3.571260207025444743e+03,2.431009004007073599e+03,2.472550284035053664e+03,3.155929788513897805e+01,4.936623054697590305e+03,2.514571887484560975e+01,2.997869332487868178e+03,1.305275789012653576e+01,6.006502858882561213e+02,9.916610422098928623e+00,2.265779675380785285e+00,2.941998571034428189e-01,1.364296719360944508e-02,1.686607706217537915e-03,0.000000000000000000e+00
4.339773022722128282e+00,1.422107534248389129e+02,3.605770254397484678e+03,3.664014455045587759e+00,3.160459449523004878e+03,3.542342860502351868e+03,2.411099902817878501e+03,3.267515394570250198e+00,2.487394434753538462e+03,4.899631671461313090e+03,2.900071505003958094e+01,2.977741155716719277e+03,1.602035668967865334e+01,5.978713778608091616e+02,1.099501771149574481e+01,2.453034237214046787e+00,3.237865099973692984e-01,1.707512440659086222e-02,1.958997492755491874e-03,0.000000000000000000e+00
4.216289396516740950e+00,1.396847405999731109e+02,3.569276471362040411e+03,4.395350558120479256e+00,3.133145810375244764e+03,3.511893132110556508e+03,2.393149251216039374e+03,6.569433332334565279e+00,2.469746580979624014e+03,4.861543009629376684e+03,3.526704972199710397e+01,2.956251984062939300e+03,2.044699224151347394e+01,5.950978927190428749e+02,1.173671802517793061e+01,2.953473632425477113e+00,3.339962346614969713e-01,4.051664542291720517e-02,3.127313603980138527e-03,0.000000000000000000e+00
4.101545699616541363e+00,1.372479483857544835e+02,3.533403593275422736e+03,5.109350428766815888e+00,3.106172669562814008e+03,3.481810524999791596e+03,3.115696123290142783e+00,2.382015664567187741e+03,2.452253495791748719e+03,4.823852856216892178e+03,4.135968689259092201e+01,2.934962922342419006e+03,2.474608874347696386e+01,5.923491473979731836e+02,1.246392927993458599e+01,3.445549578064973861e+00,3.451037620565106656e-01,6.482453598919510340e-02,4.326486973353907937e-03,0.000000000000000000e+00
3.994403695828346645e+00,1.348951007192725342e+02,9.856616645750912280e-04,3.503933500397879925e+03,3.079532492071273737e+03,3.452086291128955963e+03,6.133691722415120395e+00,2.364479349746709431e+03,2.434597111396552464e+03,4.786871473165552743e+03,4.593038297035950279e+01,2.915224255250884653e+03,2.892339814086856720e+01,5.896227439830588537e+02,1.316006570121244579e+01,3.773347491757625072e+00,6.198394908574104134e-01,0.000000000000000000e+00,5.597209702041976327e-03,0.000000000000000000e+00
3.893936207737610733e+00,1.326205889932278694e+02,1.927024167820394138e-03,3.469255605197311070e+03,3.052581973061861390e+03,3.424013900884770919e+03,9.064900333923086251e+00,2.347106544040559129e+03,2.417097770435083930e+03,4.750269557746720238e+03,5.036673411047107152e+01,2.895650507726387332e+03,3.299521764189888273e+01,5.865822181788375929e+02,1.416329073938272209e+01,4.099292714821183736e+00,3.754469102423913518e-01,4.520797185972566523e-01,7.037062575805564865e-03,0.000000000000000000e+00
3.799377712353743775e+00,1.304193966001810168e+02,2.834634226813403067e-03,3.435140284853953290e+03,3.025969603995372836e+03,3.396146504801484298e+03,1.203515568125608937e+01,2.329894988126082808e+03,2.399753344362451116e+03,4.710344845919241379e+03,5.836430496121190714e+01,2.876240220578107710e+03,3.617839192941908522e+01,5.843455397495163197e+02,1.124072247581973327e+00,1.844733603999348048e+01,5.587745608653037488e-01,4.711555124604971390e-01,8.534166067021701704e-03,0.000000000000000000e+00
3.710088901681281470e+00,1.282870204560240666e+02,3.709809572297583999e-03,3.401570426911278446e+03,2.999688480863816039e+03,3.368589132543196683e+03,1.491832689601765516e+01,2.312837387638001474e+03,2.382567156013338717e+03,4.670304105912335217e+03,6.671554068109918489e+01,2.855425517949630830e+03,4.084415232252015926e+01,5.821085872716374752e+02,2.225842011703832224e+00,1.862937017300096443e+01,7.402002159739107245e-01,4.903737218600317527e-01,9.951803633067864141e-03,2.396432461902009523e-04
0.000000000000000000e+00,1.298595595435681673e+02,4.603138539712638838e-03,3.368529626375430780e+03,2.973731868066717652e+03,1.738612327129630319e+00,3.357309661035561021e+03,2.295935782150900650e+03,2.365526748246935313e+03,4.705639783806937885e+03,0.000000000000000000e+00,2.834770267559322292e+03,4.539561275161670295e+01,5.798574530752800911e+02,3.285026907897333537e+00,1.881001363855437702e+01,9.194358127126190938e-01,5.092339143348159070e-01,1.173540439915799274e-02,4.963937692460807091e-04
0.000000000000000000e+00,1.277856501116147143e+02,5.481021835162895421e-03,3.336002826998599630e+03,2.948093442969230637e+03,2.928213029024918868e+00,3.331875661621836116e+03,2.278316064708900285e+03,2.348533062540501760e+03,3.458824554390450334e+00,4.672013162097916393e+03,2.814315161295729013e+03,4.982345088532050426e+01,5.758752320383512142e+02,5.651270347832754837e+00,1.938861090117783803e+01,1.095663219267981603e+00,5.292564811442279638e-01,1.367095469798227346e-02,7.786237628622202141e-04
0.000000000000000000e+00,1.257718683783633509e+02,6.330394301861330675e-03,3.303975578737218711e+03,2.922767029991945492e+03,4.085563219070771801e+00,3.305531684188854342e+03,2.262028656726059580e+03,2.331690424135175817e+03,5.604238491620040286e+00,4.639911049622990504e+03,2.791676396386980286e+03,5.647744764714260413e+01,5.719509867684362234e+02,7.978865295063399365e+00,1.994647159820452842e+01,1.278061754359349544e+00,5.478271740259190725e-01,1.590701006021550193e-02,1.080689686244192893e-03
0.000000000000000000e+00,1.238149992056168713e+02,7.152242089577156951e-03,3.272434119560229192e+03,2.897746650090996809e+03,5.211515842665463971e+00,3.279461142780755381e+03,2.245884161508057787e+03,2.314997242248297880e+03,7.695692301750332476e+00,4.608071969212629483e+03,2.768154485988348370e+03,6.408639259880160921e+01,5.675154058442650467e+02,1.065292047734831371e+01,2.064855811685572462e+01,1.458835763706058497e+00,5.667570247167504904e-01,1.836750293540484122e-02,1.402293068958727820e-03
0.000000000000000000e+00,1.219120799391859151e+02,7.947396668732035693e-03,3.241365199995084367e+03,2.873026444805201209e+03,6.304218834047040865e+00,3.253662360368090503e+03,2.229880844272905961e+03,2.298451679576073275e+03,9.734479724980197091e+00,4.574577360654049698e+03,2.817641958794606126e+03,0.000000000000000000e+00,5.638413426303053484e+02,1.323970650973000396e+01,2.133528731167087855e+01,1.638400789433278826e+00,5.855324252646654237e-01,2.109356339209802686e-02,1.767034206999525169e-03
0.000000000000000000e+00,0.000000000000000000e+00,1.200691293294988071e+02,3.210756515816546198e+03,2.848543612461483008e+03,7.432951817653608906e+00,3.228129392039119011e+03,2.213422408208450634e+03,2.282646326817331101e+03,1.171709989095477589e+01,4.541105320077040233e+03,6.409728408328548177e+00,2.795880913726130075e+03,5.770586854268224215e+02,0.000000000000000000e+00,2.200880952531494117e+01,1.799113361101186470e+00,6.157786260732290851e-01,2.327525003042400439e-02,2.129028114029051649e-03
0.000000000000000000e+00,0.000000000000000000e+00,1.182669947455897557e+02,3.180596219000299243e+03,2.824352304292202916e+03,8.529812956047658545e+00,3.202858352669039959e+03,2.197116077541797949e+03,2.266970303524800784e+03,1.364911924899840656e+01,4.507941134745912677e+03,9.635663807081401799e+00,2.777369972257669360e+03,5.769816284899093262e+02,0.000000000000000000e+00,2.266824039083736508e+01,1.958224210816207123e+00,6.463941266965314014e-01,2.554655578329572199e-02,2.512969359804720186e-03
0.000000000000000000e+00,0.000000000000000000e+00,1.165113303201926982e+02,3.150872966143334907e+03,2.800447163553097653e+03,9.595677440425973259e+00,3.177845427597637809e+03,2.180959923738050747e+03,2.249352462715596175e+03,1.759966396936531652e+01,4.475081439183892144e+03,1.278340539652703534e+01,2.759001935428633260e+03,7.517124682799786406e+00,5.693395713999070722e+02,2.330099063106594315e+01,2.126197477493189325e+00,6.769959082282592799e-01,2.927775880205893758e-02,2.939835726370770841e-03
