# particle radii (um) per size_bin (including water contribution to size), with size bins represented by columns and their number (starting from 1) given in second line of header, per time step which is represented by rows and corresponding times given in the time output file 
# 
2.224999999999999981e-03,4.675000000000000336e-03,7.124999999999999389e-03,9.575000000000000178e-03,1.202500000000000097e-02,1.447500000000000175e-02,1.692499999999999907e-02,1.937499999999999986e-02,2.182500000000000065e-02,2.427500000000000144e-02,2.672500000000000223e-02,2.917499999999999954e-02,3.162500000000000033e-02,3.407499999999999418e-02,3.652499999999999497e-02,3.897499999999999576e-02,4.142499999999999655e-02,4.387499999999999734e-02,4.632499999999999812e-02,4.877499999999999891e-02
2.224999999999999981e-03,4.675000000000000336e-03,7.124999999999999389e-03,9.575000000000000178e-03,1.202500000000000097e-02,1.447500000000000175e-02,1.692499999999999907e-02,1.937499999999999986e-02,2.182500000000000065e-02,2.427500000000000144e-02,2.672500000000000223e-02,2.917499999999999954e-02,3.162500000000000033e-02,3.407499999999999418e-02,3.652499999999999497e-02,3.897499999999999576e-02,4.142499999999999655e-02,4.387499999999999734e-02,4.632499999999999812e-02,4.877499999999999891e-02
2.224999999999999981e-03,4.675000000000000336e-03,7.124999999999999389e-03,9.575000000000000178e-03,1.202500000000000097e-02,1.447500000000000175e-02,1.692499999999999907e-02,1.937499999999999986e-02,2.182500000000000065e-02,2.427500000000000144e-02,2.672500000000000223e-02,2.917499999999999954e-02,3.162500000000000033e-02,3.407499999999999418e-02,3.652499999999999497e-02,3.897499999999999576e-02,4.142499999999999655e-02,4.387499999999999734e-02,4.632499999999999812e-02,4.877499999999999891e-02
2.224999999999999981e-03,4.675000000000000336e-03,7.124999999999999389e-03,9.575000000000000178e-03,1.202500000000000097e-02,1.447500000000000175e-02,1.692499999999999907e-02,1.937499999999999986e-02,2.182500000000000065e-02,2.427500000000000144e-02,2.672500000000000223e-02,2.917499999999999954e-02,3.162500000000000033e-02,3.407499999999999418e-02,3.652499999999999497e-02,3.897499999999999576e-02,4.142499999999999655e-02,4.387499999999999734e-02,4.632499999999999812e-02,4.877499999999999891e-02
2.224999999999999981e-03,4.675000000000000336e-03,7.124999999999999389e-03,9.575000000000000178e-03,1.202500000000000097e-02,1.447500000000000175e-02,1.692499999999999907e-02,1.937499999999999986e-02,2.182500000000000065e-02,2.427500000000000144e-02,2.672500000000000223e-02,2.917499999999999954e-02,3.162500000000000033e-02,3.407499999999999418e-02,3.652499999999999497e-02,3.897499999999999576e-02,4.142499999999999655e-02,4.387499999999999734e-02,4.632499999999999812e-02,4.877499999999999891e-02
2.224999999999999981e-03,4.675000000000000336e-03,7.124999999999999389e-03,9.575000000000000178e-03,1.202500000000000097e-02,1.447500000000000175e-02,1.692499999999999907e-02,1.937499999999999986e-02,2.182500000000000065e-02,2.427500000000000144e-02,2.672500000000000223e-02,2.917499999999999954e-02,3.162500000000000033e-02,3.407499999999999418e-02,3.652499999999999497e-02,3.897499999999999576e-02,4.142499999999999655e-02,4.387499999999999734e-02,4.632499999999999812e-02,4.877499999999999891e-02
2.000000000000000909e-03,4.675000000000001203e-03,7.125000000000001124e-03,9.575000000000001912e-03,1.202500000000000270e-02,1.447500000000000522e-02,1.692500000000000254e-02,1.937500000000000333e-02,2.182500000000000412e-02,2.427500000000000491e-02,2.672500000000000570e-02,2.917500000000000301e-02,3.162500000000000727e-02,3.407500000000000112e-02,3.652500000000000191e-02,3.897500000000000270e-02,4.142500000000000349e-02,4.387500000000000427e-02,4.632500000000000506e-02,4.877500000000000585e-02
2.183487974494558847e-03,3.824878786406223433e-03,7.329678002093548486e-03,9.729225765778278662e-03,1.214851898717755896e-02,1.457793637211433034e-02,1.701320276267420661e-02,1.945214404632889318e-02,2.189354167791008124e-02,2.433666095601591181e-02,2.678103304410403215e-02,2.922634488965798749e-02,3.167237957485675992e-02,3.411898209078235295e-02,3.656603874580624525e-02,3.901346427230409364e-02,4.146119347377056480e-02,4.390917565177363674e-02,4.635737079088662199e-02,3.968502629920496111e+04
2.417907541812433416e-03,4.173545972510656066e-03,6.329074383106645003e-03,9.729225765778278662e-03,1.214851898717755896e-02,1.457793637211433034e-02,1.701320276267420661e-02,1.945214404632889318e-02,2.189354167791008124e-02,2.433666095601591528e-02,2.678103304410403562e-02,2.922634488965799096e-02,3.167237957485675992e-02,3.411898209078235295e-02,3.656603874580624525e-02,3.901346427230409364e-02,4.146119347377056480e-02,4.390917565177363674e-02,4.635737079088662199e-02,3.968502629920496111e+04
2.000000000000000909e-03,3.611910487084644614e-03,7.329678002093548486e-03,9.729225765778278662e-03,1.214851898717755896e-02,1.457793637211433034e-02,1.701320276267420661e-02,1.945214404632889318e-02,2.189354167791008124e-02,2.433666095601591528e-02,2.678103304410403562e-02,2.922634488965799096e-02,3.167237957485675992e-02,3.411898209078235295e-02,3.656603874580624525e-02,3.901346427230409364e-02,4.146119347377056480e-02,4.390917565177363674e-02,4.635737079088662199e-02,3.968502629920496111e+04
2.559225373540819411e-03,4.919688991964266990e-03,6.198443411493027681e-03,9.729225765778278662e-03,1.214851898717755896e-02,1.457793637211433034e-02,1.701320276267420661e-02,1.945214404632889318e-02,2.189354167791008124e-02,2.433666095601591528e-02,2.678103304410403562e-02,2.922634488965799096e-02,3.167237957485675992e-02,3.411898209078235295e-02,3.656603874580624525e-02,3.901346427230409364e-02,4.146119347377056480e-02,4.390917565177363674e-02,4.635737079088662199e-02,3.968502629920496111e+04
2.083636869040697299e-03,3.884779080278949817e-03,6.298721089076125129e-03,9.575000000000001912e-03,1.202500000000000270e-02,1.447500000000000522e-02,1.692500000000000254e-02,1.937500000000000333e-02,2.182500000000000412e-02,2.427500000000000491e-02,2.672500000000000570e-02,2.917500000000000301e-02,3.162500000000000727e-02,3.407500000000000112e-02,3.652500000000000191e-02,3.897500000000000270e-02,4.142500000000000349e-02,4.387500000000000427e-02,4.632500000000000506e-02,4.877500000000000585e-02
3.072059170427165684e-03,5.389157830313166635e-03,7.724798143802049863e-03,9.631897168992977973e-03,1.202500000000000270e-02,1.447500000000000522e-02,1.692500000000000254e-02,1.937500000000000333e-02,2.182500000000000412e-02,2.427500000000000491e-02,2.672500000000000570e-02,2.917500000000000301e-02,3.162500000000000727e-02,3.407500000000000112e-02,3.652500000000000191e-02,3.897500000000000270e-02,4.142500000000000349e-02,4.387500000000000427e-02,4.632500000000000506e-02,4.877500000000000585e-02
2.630412089538368414e-03,4.667099309514798414e-03,6.919605045129034737e-03,9.129134919921299413e-03,1.131868248682756442e-02,1.447500000000000522e-02,1.692500000000000254e-02,1.937500000000000333e-02,2.182500000000000412e-02,2.427500000000000491e-02,2.672500000000000570e-02,2.917500000000000301e-02,3.162500000000000727e-02,3.407500000000000112e-02,3.652500000000000191e-02,3.897500000000000270e-02,4.142500000000000349e-02,4.387500000000000427e-02,4.632500000000000506e-02,4.877500000000000585e-02
2.225000000000000849e-03,3.707146756399669601e-03,6.248733732737399640e-03,8.772599465321996928e-03,1.195834065858545313e-02,1.538816952111233399e-02,1.692500000000000254e-02,1.937500000000000333e-02,2.182500000000000412e-02,2.427500000000000491e-02,2.672500000000000570e-02,2.917500000000000301e-02,3.162500000000000727e-02,3.407500000000000112e-02,3.652500000000000191e-02,3.897500000000000270e-02,4.142500000000000349e-02,4.387500000000000427e-02,4.632500000000000506e-02,4.877500000000000585e-02
2.606665817013480071e-03,5.310020728119316073e-03,7.738026270163869853e-03,1.011694767940346171e-02,1.192752807024638484e-02,1.556931029969932725e-02,1.701320276267420661e-02,1.877572241204515310e-02,2.068823855495831310e-02,2.433666095601591528e-02,2.678103304410403562e-02,2.922634488965799096e-02,3.167237957485675992e-02,3.411898209078235295e-02,3.656603874580624525e-02,3.901346427230409364e-02,4.146119347377056480e-02,4.390917565177363674e-02,4.635737079088662199e-02,3.968502629920496111e+04
2.000000000000000909e-03,3.918074393965128438e-03,6.684137506555879425e-03,9.035229906120385845e-03,1.131665418149287519e-02,1.425505777051169938e-02,1.656699157373773060e-02,1.947641226204911702e-02,2.120109767219945096e-02,2.478752062299221376e-02,2.678103304410403562e-02,2.922634488965799096e-02,3.167237957485675992e-02,3.411898209078235295e-02,3.656603874580624525e-02,3.901346427230409364e-02,4.146119347377056480e-02,4.390917565177363674e-02,4.635737079088662199e-02,3.968502629920496111e+04
2.801836274661456596e-03,5.260552162073295693e-03,7.982896199901685225e-03,1.024114038265960293e-02,1.242757357686191839e-02,1.433720537195212752e-02,1.701320276267420661e-02,1.843467570216838700e-02,2.259744553304023421e-02,2.332336296492723560e-02,2.559267283087919218e-02,2.922634488965799096e-02,3.167237957485675992e-02,3.411898209078235295e-02,3.656603874580624525e-02,3.901346427230409364e-02,4.146119347377056480e-02,4.390917565177363674e-02,4.635737079088662199e-02,3.968502629920496111e+04
2.000000000000000909e-03,4.054603240702931918e-03,6.548644364194617339e-03,9.183029954875012932e-03,1.135054113090198588e-02,1.345469789507452302e-02,1.606325352704415788e-02,1.927993394088693691e-02,2.125242294462479156e-02,2.334588335069857912e-02,2.709225129657563680e-02,2.922634488965799096e-02,3.167237957485675992e-02,3.411898209078235295e-02,3.656603874580624525e-02,3.901346427230409364e-02,4.146119347377056480e-02,4.390917565177363674e-02,4.635737079088662199e-02,3.968502629920496111e+04
2.749936592398875314e-03,5.290738953172109509e-03,7.738079342861560461e-03,1.027280377552915180e-02,1.235600557081551962e-02,1.438416879543804629e-02,1.679177354401880859e-02,2.014753485155279869e-02,2.238988861282352472e-02,2.497467904540654968e-02,2.729942446363487277e-02,2.817756829336212979e-02,3.167237957485675992e-02,3.411898209078235295e-02,3.656603874580624525e-02,3.901346427230409364e-02,4.146119347377056480e-02,4.390917565177363674e-02,4.635737079088662199e-02,3.968502629920496111e+04
2.000000000000000909e-03,3.883742716435006296e-03,6.444606060307784233e-03,8.814824755414297705e-03,1.125428269118603462e-02,1.413731935454150615e-02,1.725362191525880648e-02,2.049531015453988012e-02,2.085040401790411863e-02,2.305633255233278597e-02,2.559085056983728332e-02,2.620165021960184359e-02,3.072614823290088434e-02,3.411898209078235295e-02,3.656603874580624525e-02,3.901346427230409364e-02,4.146119347377056480e-02,4.390917565177363674e-02,4.635737079088662199e-02,3.968502629920496111e+04
2.670651898365640139e-03,4.976239808802226938e-03,7.488573402611910929e-03,9.775641315813781221e-03,1.212855579966985904e-02,1.491908830529334838e-02,1.757098129767749317e-02,1.880911683572227683e-02,2.126804045101344728e-02,2.403588914304811974e-02,2.613977567258250409e-02,2.850509489057184362e-02,3.060166356089356193e-02,3.411898209078235295e-02,3.656603874580624525e-02,3.901346427230409364e-02,4.146119347377056480e-02,4.390917565177363674e-02,4.635737079088662199e-02,3.968502629920496111e+04
2.000000000000000909e-03,3.661922984344310669e-03,5.978808520846005600e-03,9.692277400300750023e-03,1.290291105153142798e-02,1.561364033858283172e-02,1.678856265276606335e-02,1.855359645397306259e-02,2.178804857205469611e-02,2.434735052882308973e-02,2.753071515248187162e-02,2.922634488965799096e-02,3.240772191337150387e-02,3.291355269910341275e-02,3.656603874580624525e-02,3.901346427230409364e-02,4.146119347377056480e-02,4.390917565177363674e-02,4.635737079088662199e-02,3.968502629920496111e+04
2.579686231481210373e-03,4.599022534491301398e-03,6.875907045607421164e-03,1.047084407551895739e-02,1.255271139388267759e-02,1.358977371930340620e-02,1.623565487270890728e-02,1.922986260550670068e-02,2.227226826414682379e-02,2.497134198199710622e-02,2.765317646258270631e-02,2.799985379906180100e-02,3.009648245451261930e-02,3.270408637584641676e-02,3.656603874580624525e-02,3.901346427230409364e-02,4.146119347377056480e-02,4.390917565177363674e-02,4.635737079088662199e-02,3.968502629920496111e+04
3.192626908901019175e-03,5.450139761919238317e-03,7.669003639227131922e-03,8.985824823204943343e-03,1.115841567947234610e-02,1.419361913713063084e-02,1.678135529887858635e-02,1.953750144360098459e-02,2.125131642132965099e-02,2.410752433305916181e-02,2.678103304410403562e-02,2.845803540327020154e-02,3.157982196074454739e-02,3.205338247332632090e-02,3.550360190338106708e-02,3.901346427230409364e-02,4.146119347377056480e-02,4.390917565177363674e-02,4.635737079088662199e-02,3.968502629920496111e+04
2.000000000000000909e-03,3.981830897484964389e-03,6.209472395453001677e-03,8.368316263164896768e-03,1.176164350574549280e-02,1.472664599146883066e-02,1.726414565814855112e-02,1.986868063315883060e-02,2.173520917861884380e-02,2.425791750776287725e-02,2.678103304410403562e-02,2.810020079292369771e-02,3.194921417457710633e-02,3.331199415169579237e-02,3.431234135896505527e-02,3.810935908418917190e-02,4.025208767107373714e-02,4.390917565177363674e-02,4.635737079088662199e-02,3.968502629920496111e+04
2.449995509276217502e-03,4.700880972709033274e-03,6.881813204547015256e-03,8.983334628428324073e-03,1.229301666635424992e-02,1.519729873144480374e-02,1.769170086914944456e-02,2.012512867200986696e-02,2.183359904282489161e-02,2.464336237257736331e-02,2.706002549949806241e-02,2.845801677184275555e-02,3.222433219285588540e-02,3.365116645857711003e-02,3.656603874580624525e-02,3.836760891075133989e-02,4.061087764009496670e-02,4.390917565177363674e-02,4.635737079088662199e-02,3.968502629920496111e+04
2.914943871126378198e-03,5.346289313992623297e-03,7.476585971159949336e-03,9.526001554810510988e-03,1.276287757436550194e-02,1.561406144211644961e-02,1.807054686664875259e-02,2.029947214696466162e-02,2.213037643783102512e-02,2.467549085414195292e-02,2.630923872813212966e-02,2.963080164204830169e-02,3.247206641456672899e-02,3.380094860944805879e-02,3.697051415649472289e-02,3.536682841355757306e-02,4.092652554740199011e-02,4.271978344567325947e-02,4.635737079088662199e-02,3.968502629920496111e+04
2.000000000000000909e-03,3.524333449905687511e-03,7.284869587279503914e-03,1.000718549696871795e-02,1.318059941254989473e-02,1.413445277900257820e-02,1.598749161503845370e-02,1.841348863951887752e-02,2.106203474595982200e-02,2.347303691709153733e-02,2.759140799597985597e-02,2.998556867556081279e-02,3.268458290214686784e-02,3.397507065418874095e-02,3.614916849669844168e-02,3.365217410561982536e-02,4.118543125071082167e-02,4.287375845763757160e-02,4.635737079088662199e-02,3.968502629920496111e+04
2.348959606804618128e-03,4.083052841563774606e-03,7.770587497958782522e-03,1.043661677789844804e-02,1.223239510133353018e-02,1.355605703635604301e-02,1.632271438046378059e-02,1.871990437441773542e-02,2.134890551801770647e-02,2.372620468177135886e-02,2.781620022469850906e-02,2.994319571470763566e-02,3.131508882338853578e-02,3.290704057913643177e-02,3.534012203747190217e-02,3.806259816828357068e-02,4.145392051802142264e-02,4.390917565177363674e-02,4.635737079088662199e-02,3.968502629920496111e+04
2.707683649497832044e-03,4.591572490839980134e-03,8.206721134508099258e-03,9.867899942311389797e-03,1.082345730013108479e-02,1.389298945752142668e-02,1.662513089742593056e-02,1.899662831485958436e-02,2.161161180772995169e-02,2.397110331108389877e-02,2.598900811346719839e-02,2.807543738388261836e-02,3.114301979337659107e-02,3.309739782966942406e-02,3.564559537678970574e-02,3.878194721317421156e-02,4.104339051031544172e-02,4.390917565177363674e-02,4.635737079088662199e-02,3.968502629920496111e+04
3.067458985233003158e-03,5.054410760674377286e-03,6.368152907865872077e-03,8.601062753535513097e-03,1.117278845394545014e-02,1.419868850543343566e-02,1.689980672112387228e-02,1.924854654213256980e-02,2.185873876576936367e-02,2.421648827266178333e-02,2.629270158616594036e-02,2.829991767485790302e-02,3.119788281615348477e-02,3.327291044170581358e-02,3.592918729877352807e-02,3.673560755133929018e-02,4.094143160607861820e-02,4.390917565177363674e-02,4.635737079088662199e-02,3.968502629920496111e+04
2.000000000000000909e-03,5.021573618099820120e-03,6.487763087041951461e-03,8.959658922395150396e-03,1.149136950016649977e-02,1.447814241063950270e-02,1.715075180023471410e-02,1.947886022688767593e-02,2.204544246087795228e-02,2.423343084965887129e-02,2.651667093175553991e-02,2.855175006900567691e-02,3.154745371231704870e-02,3.343629362887100276e-02,3.553826469855125847e-02,3.754074546592196804e-02,4.086821549203521059e-02,4.390917565177363674e-02,4.635737079088662199e-02,3.968502629920496111e+04
2.262019639116109090e-03,5.417471015082826573e-03,6.850134407793102148e-03,9.288693973173398413e-03,1.178385328803446472e-02,1.473527511852230042e-02,1.738162377433731878e-02,1.969157915027051550e-02,2.222351714917670390e-02,2.435366174096061098e-02,2.670773677581880085e-02,2.869202266355851821e-02,3.180644622545438643e-02,3.359442290570953393e-02,3.574123607367857974e-02,3.879818879732700038e-02,4.122664477099044489e-02,4.413645619985945290e-02,4.635737079088662199e-02,3.968502629920496111e+04
2.534126324121063149e-03,5.783083071332220139e-03,7.179900559730575602e-03,9.592271526919063374e-03,1.205423612633939150e-02,1.497348442585030512e-02,1.759587037410947907e-02,1.988862787230210802e-02,2.234451222048294133e-02,2.450028049679005629e-02,2.677709629435643182e-02,2.882060087130219883e-02,3.197544959450761282e-02,3.375828924345896515e-02,3.593678189224907421e-02,3.948846454156373920e-02,4.057752406333520884e-02,4.305144775786881595e-02,4.521920674534892631e-02,3.968502629920496111e+04
2.813266574118301108e-03,3.672103382638931737e-03,6.123307698269978873e-03,9.874824596489098494e-03,1.230638339675670795e-02,1.519607426205263866e-02,1.779639222896471293e-02,2.007321921110636828e-02,2.247003350247416681e-02,2.465500884174770188e-02,2.687829543774235622e-02,2.894727727184346136e-02,3.209449521424869584e-02,3.390858063599980904e-02,3.610822296694269490e-02,3.870628288749308754e-02,4.093470505695943201e-02,4.273413987334179903e-02,4.544700325423858822e-02,3.968502629920496111e+04
3.094926150794429474e-03,4.020936429988545766e-03,6.441159593146498184e-03,1.013926957225468745e-02,1.254277782363331407e-02,1.540517916066452310e-02,1.798462564805713981e-02,2.024692197732933310e-02,2.259739871832211824e-02,2.476302952267001034e-02,2.608210029333253577e-02,2.916481214241428005e-02,3.219149787380876093e-02,3.408160223682746987e-02,3.622029477875077230e-02,3.905084677583806757e-02,3.935519342546046906e-02,4.293076559077825538e-02,4.565699980373086331e-02,3.968502629920496111e+04
3.376364881250097389e-03,4.353169182257108326e-03,6.739989475068680624e-03,1.038841765637376832e-02,1.276586762730964018e-02,1.560285641928499736e-02,1.715134499273863328e-02,1.964043443270641412e-02,2.272521520404971115e-02,2.488828529318471913e-02,2.630276384860064098e-02,2.915929191800798598e-02,3.228597083830637288e-02,3.425806653427471149e-02,3.647327224023396569e-02,3.903087718932031491e-02,4.012959661809892969e-02,4.313393763738167935e-02,4.579226063933428126e-02,3.968502629920496111e+04
2.000000000000000909e-03,3.704844135640918308e-03,7.022437695602216749e-03,1.062443761978177324e-02,1.297755095439833209e-02,1.440811571035029506e-02,1.579238583996718862e-02,1.980126848007654136e-02,2.282776163660131530e-02,2.502227728482546085e-02,2.648735905697087792e-02,2.920948881097797448e-02,3.234326165494456895e-02,3.441628212073210430e-02,3.666054245954245006e-02,3.956266588413536595e-02,4.042131975347058176e-02,4.341903485429882137e-02,4.609828190074990312e-02,3.968502629920496111e+04
2.197939317055113816e-03,4.018087862068923238e-03,7.290560942198489984e-03,9.185527919225887003e-03,1.216201118102400343e-02,1.500327626358164204e-02,1.597302088831985961e-02,1.995592164520545650e-02,2.293455959077735085e-02,2.515814888333432753e-02,2.666221690165249125e-02,2.928700487268180025e-02,3.239859915703634935e-02,3.455139807094183280e-02,3.670896742586164663e-02,4.003123011280776411e-02,4.116188069679080352e-02,4.369617815404010924e-02,4.633087499503789342e-02,3.968502629920496111e+04
2.408258277324598108e-03,4.317552008717021571e-03,7.546240118087009854e-03,9.471754058520841582e-03,1.236321286853046472e-02,1.533132555321047377e-02,1.614515104623564720e-02,2.010407514547204316e-02,2.155745013291171866e-02,2.365008942299137717e-02,2.683018429756654777e-02,2.942780016258819339e-02,3.239463125475205291e-02,3.462350365315430833e-02,3.676290842373662604e-02,3.962211227739675240e-02,4.146119347377056480e-02,4.713583714313305389e-02,4.561663754683190769e-02,4.940507898208428006e-02
2.713131243787192393e-03,4.604627386486141727e-03,7.791058989585307806e-03,9.741095965886414215e-03,1.255739563660718955e-02,1.537094058218470456e-02,1.631080822720842177e-02,2.024693021607504306e-02,2.166171516413424591e-02,2.376850922239737152e-02,2.629208000568250547e-02,2.963354793265201431e-02,3.246683455846776506e-02,3.469266216241531642e-02,3.673409206217961159e-02,3.922762504541865702e-02,4.146119347377056480e-02,4.435270282885419441e-02,4.571893567886660403e-02,4.874916465471036686e-02
2.831182797417871981e-03,4.880419868046980206e-03,8.026204600078105586e-03,9.923056737647418385e-03,1.274453840235725659e-02,1.542329776066886718e-02,1.647078423427559765e-02,2.038501907817847833e-02,2.169581932258204254e-02,2.388424558466213307e-02,2.619904205872561342e-02,2.910525795461401180e-02,3.279509538412361119e-02,3.483142364343833064e-02,3.675136819047450376e-02,3.953713685841846875e-02,4.263344821816902191e-02,4.324630331751801865e-02,4.549695986009648363e-02,4.805716898614936783e-02
3.119277564170243669e-03,5.146028805296626665e-03,8.252769783744054108e-03,1.011635426546757775e-02,1.292543918808273899e-02,1.549007943712879531e-02,1.662573363874820728e-02,2.051895000570009078e-02,2.178819424553219905e-02,2.399815619170073133e-02,2.622122617978450004e-02,2.899467803479723743e-02,3.262204706619319106e-02,3.298594753015585829e-02,3.599336390292872528e-02,4.009406932228585380e-02,4.146119347377056480e-02,4.402774928364162205e-02,4.728561374982177823e-02,4.785567739307914487e-02
3.399246128119111539e-03,5.402708438180462390e-03,6.806985756638632597e-03,8.472276970700519036e-03,1.310097906746914356e-02,1.554698208324671593e-02,1.677638341738088568e-02,1.910344258296301639e-02,2.065441682367732262e-02,2.411059378215509377e-02,2.628781373347443065e-02,2.899855380584712497e-02,3.258492242694576574e-02,3.309520876699605790e-02,3.632927800722098033e-02,3.959983135417465688e-02,4.021040196659782934e-02,4.283201918940489350e-02,4.579536544203537812e-02,4.732689256697494851e-02
2.738266814645144796e-03,5.479591476220093543e-03,6.971065223520864391e-03,8.684660889607159068e-03,1.094198103273319629e-02,1.327169091395796231e-02,1.692255649501113110e-02,1.928770317030558887e-02,2.078294109544477630e-02,2.422170712655307909e-02,2.637542231880623742e-02,2.904558682396157082e-02,3.197022391444651751e-02,3.322227946372325463e-02,3.632881303687874458e-02,3.940483488925669575e-02,4.031678876449638210e-02,4.327671505683712561e-02,4.612542565748867229e-02,4.839820621358617569e-02
2.000000000000000909e-03,5.722606108839837190e-03,7.206334688129925441e-03,8.891019139404612859e-03,1.117488304055326565e-02,1.343806550416131416e-02,1.706580649910567973e-02,1.945498153462880964e-02,2.090861791451113783e-02,2.433105119948861597e-02,2.647128561649783954e-02,2.911825450872170679e-02,3.189519808481213609e-02,3.334839063382134816e-02,3.636855163948732317e-02,3.933622832317755502e-02,4.042124802342792617e-02,4.344260934794902385e-02,4.593701790695713105e-02,4.823455515524665421e-02
2.272186723068211900e-03,4.976170780741720652e-03,5.958838357920693239e-03,9.091847766097256936e-03,1.139535830116842133e-02,1.360046198784026217e-02,1.720587237978312908e-02,1.961536606617117484e-02,2.103168445054797928e-02,2.443929055484955759e-02,2.657380247736755227e-02,2.920513211743033105e-02,3.192254996580280724e-02,3.347399852173404272e-02,3.643636172907507853e-02,3.932491614459825147e-02,4.052930032293691059e-02,4.358339163812670336e-02,4.587660630678082330e-02,4.816327952361023484e-02
2.538415726663796439e-03,4.976170780741720652e-03,6.188602981532440907e-03,9.287540663233043517e-03,1.160880638299145902e-02,1.375916115827383913e-02,1.734292531941199894e-02,1.973414901156408940e-02,2.115232384570684201e-02,2.454650655839167583e-02,2.668009735103131497e-02,2.927190938685597307e-02,3.139434313151739930e-02,3.366502719363793916e-02,3.639485923407625306e-02,3.953525999048326106e-02,4.065841002960252776e-02,4.385730398995201645e-02,4.480624164313629781e-02,4.807147758527787612e-02
2.800950788296275445e-03,3.528976857894115630e-03,6.412623013085391385e-03,9.478704003383634641e-03,1.181686882604581282e-02,1.391462159440239391e-02,1.747739532414082503e-02,1.986309286935242918e-02,2.126992958798984423e-02,2.463603519086125793e-02,2.678863489699447389e-02,2.934124116878669350e-02,3.134832340208221213e-02,3.382724701942825540e-02,3.639366239031048555e-02,3.959774603453419806e-02,4.080972285378291903e-02,4.400996207657027065e-02,4.510549640760759538e-02,4.818582015833311472e-02
3.058840768147152826e-03,3.827369003440788189e-03,6.631315641157353377e-03,9.665691723589353926e-03,1.202024844756632155e-02,1.406710125268871917e-02,1.760949201868594605e-02,1.999632140191416260e-02,2.138558401539862944e-02,2.472670817760112133e-02,2.689804581899291752e-02,2.941678358760772827e-02,3.138138311702416694e-02,3.398237227733971050e-02,3.639334654968683774e-02,3.935050693153709783e-02,4.105612235661480758e-02,4.380401744166613487e-02,4.566856267226135357e-02,4.837828108358598056e-02
3.311831268210704404e-03,4.113512262752309218e-03,6.844969412899045043e-03,9.848727676792382382e-03,1.218156170131694943e-02,1.421675812027383030e-02,1.773933882156795983e-02,2.013119087346521702e-02,2.149940041182643244e-02,2.481806300141314175e-02,2.700772404322276943e-02,2.949672642424534114e-02,3.141779331997616997e-02,3.385863610513140803e-02,3.656302768020748550e-02,3.943923831674843450e-02,4.125729020031822236e-02,4.383408198778163817e-02,4.582212174640601376e-02,4.744197929970728200e-02
2.738266814645144796e-03,3.559972629660126779e-03,7.053976912787931174e-03,1.002814162643910281e-02,1.235025392060276270e-02,1.436375452895202222e-02,1.786708226921654083e-02,2.026302026610035320e-02,2.161154315534436973e-02,2.490999574574759984e-02,2.711733290480050629e-02,2.958002032720981681e-02,3.147719050745333147e-02,3.384956809518551574e-02,3.666786931534567889e-02,3.945319839668866985e-02,4.144356043117948529e-02,4.415421887451261712e-02,4.599261872665071776e-02,4.779982993864615587e-02
2.738266814645144796e-03,3.803378827095608202e-03,7.258685822178394774e-03,1.020421784326515369e-02,1.252230933936227322e-02,1.450837511458447950e-02,1.799291092023787286e-02,2.031591611678699658e-02,2.172194900762683747e-02,2.500240363370057409e-02,2.722624768227246625e-02,2.966596294774158371e-02,3.154098318548251290e-02,3.380444050160567176e-02,3.678619173141817189e-02,3.948554406966932329e-02,4.156694942469097570e-02,4.468915639513316995e-02,4.617575415104890196e-02,4.807151464580520367e-02
2.738266814645144796e-03,4.042128803064905240e-03,7.459342854008940704e-03,1.037715295121092313e-02,1.269561851115270749e-02,1.465076021086780984e-02,1.811696110502439977e-02,2.037184998331230054e-02,2.183093492949324602e-02,2.509518693993095448e-02,2.733475538948276426e-02,2.975394623592192422e-02,3.161498982594366375e-02,3.382506798970245920e-02,3.686516955566838255e-02,3.948869122319150632e-02,4.166952775276803328e-02,4.453510667267444878e-02,4.638472794222845558e-02,4.829479687580203601e-02
2.738266814645144796e-03,4.276493283961955646e-03,7.656310785798371189e-03,1.054724473554512210e-02,1.283030802026830820e-02,1.479113227877934360e-02,1.639906247312055212e-02,1.825105313815374858e-02,2.193865883704552988e-02,2.518270090255600793e-02,2.733991537234514713e-02,2.978907908829550935e-02,3.170888162416158479e-02,3.388636417030334302e-02,3.692828092636055159e-02,3.949411502934602192e-02,4.173480343305754903e-02,4.451596861893579449e-02,4.630267099177139828e-02,4.841440955019217507e-02
2.738266814645144796e-03,4.506503827124389190e-03,7.849709229140732283e-03,1.071458033725418944e-02,1.296233573515540201e-02,1.492954768046618648e-02,1.657028663603251489e-02,1.837205398709674045e-02,2.204492400647506054e-02,2.526150607402550055e-02,2.736775625599625547e-02,2.983545191696538104e-02,3.179376514109533147e-02,3.394584343397850923e-02,3.698570156852449414e-02,3.950372561908432195e-02,4.179062440828406472e-02,4.451907354574986125e-02,4.636906206800019831e-02,4.849765295606837945e-02
2.738266814645144796e-03,4.732428422572577953e-03,8.039834743195906769e-03,1.005483097916388784e-02,1.088007334866569926e-02,1.506618465487645844e-02,1.669432016634880139e-02,1.849167870904669386e-02,2.215006447318114066e-02,2.534064475801253366e-02,2.741036131253053038e-02,2.988935589979216031e-02,3.187379147634858412e-02,3.400820631789688159e-02,3.703859371844963472e-02,3.952449762425867125e-02,4.182851359048468665e-02,4.435328372981636041e-02,4.635737079088662199e-02,4.907667761264130485e-02
2.738266814645144796e-03,4.954305781293076236e-03,8.226766984291922213e-03,1.026666425958911583e-02,1.104243397270265707e-02,1.520107533964843230e-02,1.683264679322419785e-02,1.860992782419733718e-02,2.225404721577367226e-02,2.541753220848028474e-02,2.743928470484338633e-02,2.936881066105633681e-02,3.196030494819580153e-02,3.416131235864233728e-02,3.711039922690290843e-02,3.936288605922440287e-02,4.178470339078731166e-02,4.434259274174720544e-02,4.635737079088662199e-02,4.838440455468703827e-02
2.738266814645144796e-03,5.172382024765784583e-03,6.516792991100277786e-03,8.410765718512553876e-03,1.120253129896710970e-02,1.533436779994447677e-02,1.697503057582933766e-02,1.872692368695016291e-02,2.235702558028596076e-02,2.417963033546961793e-02,2.604940304748816146e-02,2.916858119589365791e-02,3.167937270493645374e-02,3.422571301366469226e-02,3.690438679909723713e-02,3.965821220501992983e-02,4.178503257460577935e-02,4.453883744905288294e-02,4.635737079088662199e-02,4.785095718930587605e-02
2.738266814645144796e-03,5.386858831179649858e-03,6.762286481352725205e-03,8.591991018511000236e-03,1.136051899410534492e-02,1.546617726211151761e-02,1.711855702884446453e-02,1.884276102638785672e-02,2.245908030656070670e-02,2.432328860628077058e-02,2.614259966305743435e-02,2.909018655308960588e-02,3.157027499054274045e-02,3.415345381123232466e-02,3.706234590348565089e-02,3.963294450430613486e-02,4.172887949101380251e-02,4.464464777082082642e-02,4.635737079088662199e-02,4.786869995090398122e-02
