# particle number concentration assuming water not removed from particles (#/cc (air)), with time changing with rows (corresponding times given in the time output file) and size bin changing with columns with size bin numbers given in the second row of the header
# 
1.000000000000000000e+04,1.796110871213725247e-51
9.929420279973395736e+03,0.000000000000000000e+00
9.859615504591945864e+03,0.000000000000000000e+00
9.790520866351682344e+03,0.000000000000000000e+00
9.722090738486866030e+03,0.000000000000000000e+00
9.654292498837357925e+03,0.000000000000000000e+00
9.587101189339144184e+03,0.000000000000000000e+00
9.520497449456070171e+03,0.000000000000000000e+00
9.454465549363247192e+03,0.000000000000000000e+00
9.388992347971970958e+03,0.000000000000000000e+00
9.324066575405842741e+03,0.000000000000000000e+00
9.259678381905676360e+03,0.000000000000000000e+00
9.195818982767774287e+03,0.000000000000000000e+00
9.132480432907064824e+03,0.000000000000000000e+00
9.069655428672485868e+03,0.000000000000000000e+00
9.007337224272501771e+03,0.000000000000000000e+00
8.945519471213259749e+03,0.000000000000000000e+00
8.884196185613192938e+03,0.000000000000000000e+00
8.823361692180042155e+03,0.000000000000000000e+00
8.763010518812232476e+03,0.000000000000000000e+00
8.703137416105020748e+03,0.000000000000000000e+00
8.643737352025646032e+03,0.000000000000000000e+00
8.584805399640805263e+03,0.000000000000000000e+00
8.526336741766890555e+03,0.000000000000000000e+00
8.468326717663414456e+03,0.000000000000000000e+00
8.410770784969849046e+03,0.000000000000000000e+00
8.353664475027497247e+03,0.000000000000000000e+00
8.297003407074664210e+03,0.000000000000000000e+00
8.240783279780422163e+03,0.000000000000000000e+00
8.184999867753108447e+03,0.000000000000000000e+00
8.129649014695343794e+03,0.000000000000000000e+00
8.074726574988369975e+03,0.000000000000000000e+00
8.020228504130299370e+03,0.000000000000000000e+00
7.966150809942427259e+03,0.000000000000000000e+00
7.912489556845472180e+03,0.000000000000000000e+00
7.859240857895322733e+03,0.000000000000000000e+00
7.806400875931137307e+03,0.000000000000000000e+00
7.753965819457808720e+03,0.000000000000000000e+00
7.701931935250612696e+03,0.000000000000000000e+00
7.650295518852130954e+03,0.000000000000000000e+00
7.599052906311402694e+03,0.000000000000000000e+00
7.548200480481019440e+03,0.000000000000000000e+00
7.497734669066419883e+03,0.000000000000000000e+00
7.447651944047147481e+03,0.000000000000000000e+00
7.397948825510195093e+03,0.000000000000000000e+00
7.348621872448959948e+03,0.000000000000000000e+00
7.299667682258691457e+03,0.000000000000000000e+00
7.251082894284902068e+03,0.000000000000000000e+00
7.202864185087965780e+03,0.000000000000000000e+00
7.155008268239551398e+03,0.000000000000000000e+00
7.107511893590152795e+03,0.000000000000000000e+00
7.060371846685315177e+03,0.000000000000000000e+00
7.013584948223819083e+03,0.000000000000000000e+00
6.967148053552727106e+03,0.000000000000000000e+00
6.921058052187286194e+03,0.000000000000000000e+00
6.875311867348655142e+03,0.000000000000000000e+00
6.829906455514957997e+03,0.000000000000000000e+00
6.784838805982923986e+03,0.000000000000000000e+00
6.740105940438384096e+03,0.000000000000000000e+00
6.695704912534600226e+03,0.000000000000000000e+00
6.651632807477749338e+03,0.000000000000000000e+00
