# particle number concentration assuming water removed from particles (#/cc (air)), with time changing with rows (corresponding times given in the time output file) and size bin changing with columns with size bin numbers given in the second row of the header
# 
1.000000000000000000e+04,0.000000000000000000e+00
9.929360947969613335e+03,0.000000000000000000e+00
9.859306985220615388e+03,0.000000000000000000e+00
9.789832153428333186e+03,0.000000000000000000e+00
9.720930577033668669e+03,0.000000000000000000e+00
9.652596454422577153e+03,0.000000000000000000e+00
9.584824056747451323e+03,0.000000000000000000e+00
9.517607726789330627e+03,0.000000000000000000e+00
9.450941877847571959e+03,0.000000000000000000e+00
9.384820992654875226e+03,0.000000000000000000e+00
9.319239622316064924e+03,0.000000000000000000e+00
9.254192385269268925e+03,0.000000000000000000e+00
9.189673966262838803e+03,0.000000000000000000e+00
9.125679115370785439e+03,0.000000000000000000e+00
9.062202647007514315e+03,0.000000000000000000e+00
8.999239438968781542e+03,0.000000000000000000e+00
8.936784431490734278e+03,0.000000000000000000e+00
8.874832626326373429e+03,0.000000000000000000e+00
8.813379085838932951e+03,0.000000000000000000e+00
8.752418932111648246e+03,0.000000000000000000e+00
8.691947346073486187e+03,0.000000000000000000e+00
8.631959566640365665e+03,0.000000000000000000e+00
8.572450889871524851e+03,0.000000000000000000e+00
8.513416668140607726e+03,0.000000000000000000e+00
8.454852309321162465e+03,0.000000000000000000e+00
8.396753275986187873e+03,0.000000000000000000e+00
8.339115084621427741e+03,0.000000000000000000e+00
8.281933304852096626e+03,0.000000000000000000e+00
8.225203558682758739e+03,0.000000000000000000e+00
8.168921519750068910e+03,0.000000000000000000e+00
8.113082912588109139e+03,0.000000000000000000e+00
8.057683511906072454e+03,0.000000000000000000e+00
8.002719141878024857e+03,0.000000000000000000e+00
7.948185675444514345e+03,0.000000000000000000e+00
7.894079033625785996e+03,0.000000000000000000e+00
7.840395184846374832e+03,0.000000000000000000e+00
7.787130144270854544e+03,0.000000000000000000e+00
7.734279973150521073e+03,0.000000000000000000e+00
7.681840778180805501e+03,0.000000000000000000e+00
7.629808710869202514e+03,0.000000000000000000e+00
7.578179966913521639e+03,0.000000000000000000e+00
7.526950785590265696e+03,0.000000000000000000e+00
7.476117449152926383e+03,0.000000000000000000e+00
7.425676282240040564e+03,0.000000000000000000e+00
7.375623651292798968e+03,0.000000000000000000e+00
7.325955963982037247e+03,0.000000000000000000e+00
7.276669668644439298e+03,0.000000000000000000e+00
7.227761253727780968e+03,0.000000000000000000e+00
7.179227247245033141e+03,0.000000000000000000e+00
7.131064216237185974e+03,0.000000000000000000e+00
7.083268766244606013e+03,0.000000000000000000e+00
7.035837540786800673e+03,0.000000000000000000e+00
6.988767220850404556e+03,0.000000000000000000e+00
6.942054524385270270e+03,0.000000000000000000e+00
6.895696205808479135e+03,0.000000000000000000e+00
6.849689055516169901e+03,0.000000000000000000e+00
6.804029899403014497e+03,0.000000000000000000e+00
6.758715598389212573e+03,0.000000000000000000e+00
6.713743047954870235e+03,0.000000000000000000e+00
6.669109177681636538e+03,0.000000000000000000e+00
6.624810950801454055e+03,0.000000000000000000e+00
