# particle radii (um) per size_bin (including water contribution to size), with size bins represented by columns and their number (starting from 1) given in second line of header, per time step which is represented by rows and corresponding times given in the time output file 
# 
2.703555382072474256e+00,7.500250000000000306e+00
2.704138059982025943e+00,7.937005259840990417e+06
2.705366025356904736e+00,7.937005259840990417e+06
2.706587983604515912e+00,7.937005259840990417e+06
2.707802970654895169e+00,7.937005259840990417e+06
2.709010995977447767e+00,7.937005259840990417e+06
2.710212075375757035e+00,7.937005259840990417e+06
2.711406228653146844e+00,7.937005259840990417e+06
2.712593478871967889e+00,7.937005259840990417e+06
2.713773851764949896e+00,7.937005259840990417e+06
2.714947375259806339e+00,7.937005259840990417e+06
2.716114079090424127e+00,7.937005259840990417e+06
2.717273995296319633e+00,7.937005259840990417e+06
2.718427155276957663e+00,7.937005259840990417e+06
2.719573592502256165e+00,7.937005259840990417e+06
2.720713341247561701e+00,7.937005259840990417e+06
2.721846436434757432e+00,7.937005259840990417e+06
2.722972913500755876e+00,7.937005259840990417e+06
2.724092808286993961e+00,7.937005259840990417e+06
2.725206156946399894e+00,7.937005259840990417e+06
2.726312995864941691e+00,7.937005259840990417e+06
2.727413361595385055e+00,7.937005259840990417e+06
2.728507290801301721e+00,7.937005259840990417e+06
2.729594820209689576e+00,7.937005259840990417e+06
2.730675986570843872e+00,7.937005259840990417e+06
2.731750826624343986e+00,7.937005259840990417e+06
2.732819377070206723e+00,7.937005259840990417e+06
2.733881674544394791e+00,7.937005259840990417e+06
2.734937755598022768e+00,7.937005259840990417e+06
2.735987656679697011e+00,7.937005259840990417e+06
2.737031414120495221e+00,7.937005259840990417e+06
2.738069064121217533e+00,7.937005259840990417e+06
2.739100642741542302e+00,7.937005259840990417e+06
2.740126185890823240e+00,7.937005259840990417e+06
2.741145729320279223e+00,7.937005259840990417e+06
2.742159308616370694e+00,7.937005259840990417e+06
2.743166959195202370e+00,7.937005259840990417e+06
2.744168716297790134e+00,7.937005259840990417e+06
2.745164614986090879e+00,7.937005259840990417e+06
2.746154690139668286e+00,7.937005259840990417e+06
2.747138976452918158e+00,7.937005259840990417e+06
2.748117508432777356e+00,7.937005259840990417e+06
2.749090320396846643e+00,7.937005259840990417e+06
2.750057446471875000e+00,7.937005259840990417e+06
2.751018920592559258e+00,7.937005259840990417e+06
2.751974776500617725e+00,7.937005259840990417e+06
2.752925047744100517e+00,7.937005259840990417e+06
2.753869767676909053e+00,7.937005259840990417e+06
2.754808969458504730e+00,7.937005259840990417e+06
2.755742686053765933e+00,7.937005259840990417e+06
2.756670950233001349e+00,7.937005259840990417e+06
2.757593794572078760e+00,7.937005259840990417e+06
2.758511251452663959e+00,7.937005259840990417e+06
2.759423353062564477e+00,7.937005259840990417e+06
2.760330131396152797e+00,7.937005259840990417e+06
2.761231618254866849e+00,7.937005259840990417e+06
2.762127845247785096e+00,7.937005259840990417e+06
2.763018843792251378e+00,7.937005259840990417e+06
2.763904645114563685e+00,7.937005259840990417e+06
2.764785280250705135e+00,7.937005259840990417e+06
2.765660780047117129e+00,7.937005259840990417e+06
